[7, 5, 1, 8, 3, 6, 0, 9, 4, 2]

root = 6

                                                  6
                                                
                                        4                   7 
                                             
                                  3       5            2           8
                                                                   
                                                    1                 9
                                              
                                              
